---------- Counts of Element Pb ----------
row	column	line1	line2	ratio
0	0	47	39	1.183030
0	1	54	23	2.330966
0	2	40	31	1.303065
0	3	59	27	2.157721
0	4	40	38	1.038634
0	5	31	26	1.190856
0	6	64	29	2.171854
0	7	42	32	1.310274
0	8	59	25	2.294963
0	9	46	29	1.568879
0	10	48	33	1.452632
0	11	45	24	1.839395
0	12	35	26	1.347146
0	13	34	28	1.197300
0	14	51	27	1.912328
0	15	55	28	1.928746
0	16	61	30	1.994093
0	17	67	30	2.206980
0	18	57	35	1.641719
0	19	52	28	1.871812
0	20	56	29	1.898601
0	21	37	19	1.917290
1	0	40	37	1.077209
1	1	40	27	1.480850
1	2	34	30	1.149853
1	3	48	32	1.500839
1	4	58	44	1.305157
1	5	47	38	1.233374
1	6	43	38	1.142998
1	7	39	39	1.013933
1	8	75	49	1.540805
1	9	67	38	1.738908
1	10	52	27	1.930337
1	11	50	30	1.621013
1	12	32	27	1.198832
1	13	40	31	1.252349
1	14	49	28	1.746692
1	15	51	48	1.054656
1	16	53	30	1.745762
1	17	45	33	1.337588
1	18	38	35	1.091889
1	19	74	35	2.119136
1	20	52	22	2.359591
1	21	27	14	1.876256
2	0	58	26	2.200722
2	1	41	25	1.609675
2	2	33	38	0.883544
2	3	41	31	1.342155
2	4	50	30	1.655289
2	5	41	45	0.915996
2	6	57	23	2.499632
2	7	54	36	1.477413
2	8	64	19	3.220196
2	9	51	28	1.811327
2	10	36	30	1.215706
2	11	48	38	1.262853
2	12	45	29	1.540357
2	13	68	21	3.163806
2	14	61	22	2.654926
2	15	50	28	1.794114
2	16	49	36	1.354832
2	17	48	45	1.060659
2	18	48	32	1.502673
2	19	46	29	1.563657
2	20	30	44	0.694018
2	21	20	20	1.013415
3	0	31	34	0.911449
3	1	37	29	1.280494
3	2	49	34	1.420690
3	3	47	34	1.404480
3	4	45	34	1.315649
3	5	42	15	2.787749
3	6	52	35	1.455504
3	7	50	31	1.604047
3	8	38	24	1.583380
3	9	63	30	2.067051
3	10	39	27	1.435008
3	11	60	41	1.463367
3	12	48	25	1.882133
3	13	49	31	1.546974
3	14	45	28	1.591128
3	15	49	21	2.308014
3	16	48	27	1.796328
3	17	47	32	1.453559
3	18	57	29	1.913421
3	19	50	42	1.167366
3	20	47	23	1.982538
3	21	23	31	0.727368
4	0	38	25	1.514370
4	1	32	18	1.724578
4	2	48	25	1.879182
4	3	48	19	2.505286
4	4	41	24	1.697372
4	5	35	33	1.060908
4	6	43	28	1.511571
4	7	46	40	1.157588
4	8	50	39	1.291452
4	9	49	34	1.432391
4	10	53	34	1.568862
4	11	51	22	2.308700
4	12	52	48	1.079913
4	13	43	30	1.436619
4	14	49	30	1.619606
4	15	53	29	1.838352
4	16	45	19	2.328075
4	17	54	26	2.064887
4	18	60	33	1.799169
4	19	44	42	1.029357
4	20	38	30	1.256520
4	21	29	31	0.932580
5	0	26	28	0.927180
5	1	41	24	1.698238
5	2	49	23	2.143965
5	3	37	31	1.203646
5	4	44	32	1.370452
5	5	53	34	1.544595
5	6	47	28	1.638936
5	7	51	11	4.358981
5	8	50	30	1.659538
5	9	50	36	1.393299
5	10	60	41	1.459566
5	11	73	38	1.937411
5	12	60	45	1.330428
5	13	35	31	1.127029
5	14	46	40	1.144031
5	15	38	39	0.983946
5	16	58	30	1.895452
5	17	47	35	1.319736
5	18	42	27	1.535936
5	19	39	23	1.662491
5	20	46	31	1.472002
5	21	26	30	0.865661
6	0	29	27	1.067183
6	1	30	17	1.760354
6	2	43	26	1.676879
6	3	42	45	0.933060
6	4	64	34	1.890699
6	5	45	29	1.509558
6	6	49	44	1.099638
6	7	50	30	1.678874
6	8	47	52	0.896514
6	9	49	24	2.023767
6	10	45	36	1.219493
6	11	43	40	1.067309
6	12	42	45	0.934483
6	13	52	27	1.882319
6	14	64	31	2.067617
6	15	38	28	1.367702
6	16	46	8	5.509118
6	17	29	39	0.754401
6	18	53	24	2.161371
6	19	44	29	1.493775
6	20	42	24	1.738578
6	21	36	32	1.129747
7	0	42	24	1.752432
7	1	36	17	2.089133
7	2	37	22	1.694624
7	3	35	28	1.261856
7	4	45	32	1.400013
7	5	28	26	1.072693
7	6	57	38	1.498815
7	7	47	40	1.167875
7	8	55	45	1.219763
7	9	41	35	1.192464
7	10	55	22	2.483095
7	11	57	26	2.224131
7	12	59	29	2.017281
7	13	47	33	1.411844
7	14	53	22	2.425743
7	15	73	31	2.338987
7	16	47	28	1.669975
7	17	48	33	1.458456
7	18	49	36	1.345280
7	19	57	32	1.755828
7	20	31	30	1.055836
7	21	32	17	1.844612
8	0	37	19	1.907346
8	1	42	20	2.081419
8	2	54	34	1.593353
8	3	51	20	2.516892
8	4	56	38	1.481165
8	5	43	17	2.512647
8	6	28	34	0.836049
8	7	42	41	1.013161
8	8	36	48	0.755390
8	9	47	42	1.127175
8	10	36	22	1.594109
8	11	57	40	1.399258
8	12	49	24	2.033887
8	13	44	29	1.528664
8	14	45	27	1.632771
8	15	47	34	1.380696
8	16	58	31	1.835161
8	17	42	39	1.099273
8	18	58	42	1.378785
8	19	50	18	2.727352
8	20	45	30	1.502424
8	21	33	35	0.942465
9	0	31	27	1.143309
9	1	29	18	1.572239
9	2	41	31	1.298016
9	3	54	37	1.435114
9	4	39	26	1.475277
9	5	39	25	1.520668
9	6	39	29	1.347033
9	7	52	38	1.370837
9	8	61	45	1.364890
9	9	48	30	1.584615
9	10	39	27	1.472537
9	11	39	61	0.648759
9	12	43	35	1.233667
9	13	36	33	1.072362
9	14	55	41	1.330788
9	15	50	34	1.439261
9	16	50	30	1.688882
9	17	26	24	1.064374
9	18	39	40	0.958795
9	19	52	24	2.089759
9	20	37	27	1.383634
9	21	35	16	2.145514
10	0	19	19	1.000184
10	1	38	26	1.431842
10	2	31	25	1.248719
10	3	25	26	0.969271
10	4	34	18	1.876589
10	5	63	37	1.700995
10	6	42	33	1.262854
10	7	41	29	1.389872
10	8	74	24	3.044196
10	9	35	35	1.011230
10	10	39	36	1.085552
10	11	42	31	1.331713
10	12	53	33	1.601746
10	13	50	22	2.266902
10	14	52	43	1.210523
10	15	44	39	1.132578
10	16	50	35	1.436939
10	17	48	34	1.409760
10	18	49	36	1.352986
10	19	44	27	1.633559
10	20	32	24	1.336258
10	21	32	17	1.811966
11	0	37	24	1.529682
11	1	30	26	1.165296
11	2	24	17	1.354719
11	3	48	21	2.229712
11	4	51	31	1.669546
11	5	51	19	2.609183
11	6	32	32	0.999814
11	7	35	37	0.941558
11	8	43	30	1.417475
11	9	49	29	1.685060
11	10	58	28	2.017605
11	11	61	33	1.824718
11	12	51	31	1.650469
11	13	56	40	1.396836
11	14	62	30	2.048392
11	15	37	45	0.818338
11	16	68	38	1.790278
11	17	34	28	1.186600
11	18	31	42	0.753333
11	19	41	35	1.192304
11	20	37	32	1.140488
11	21	26	23	1.128897
12	0	45	17	2.583889
12	1	25	24	1.030276
12	2	35	28	1.257351
12	3	44	18	2.350539
12	4	48	32	1.468879
12	5	45	21	2.065458
12	6	60	33	1.828984
12	7	44	50	0.885565
12	8	52	38	1.367834
12	9	70	39	1.783721
12	10	44	40	1.111010
12	11	53	26	1.998594
12	12	31	39	0.797623
12	13	57	40	1.395812
12	14	51	37	1.387602
12	15	57	45	1.257365
12	16	58	48	1.191647
12	17	54	55	0.982303
12	18	42	36	1.163150
12	19	44	35	1.267233
12	20	47	15	3.121981
12	21	36	29	1.249237
13	0	36	22	1.625481
13	1	33	25	1.300314
13	2	40	23	1.697645
13	3	35	29	1.197042
13	4	45	24	1.898925
13	5	42	23	1.795939
13	6	40	23	1.735412
13	7	34	33	1.016712
13	8	44	35	1.229847
13	9	52	32	1.606144
13	10	59	29	2.027215
13	11	60	22	2.679348
13	12	61	27	2.253116
13	13	55	31	1.759581
13	14	66	42	1.552560
13	15	46	45	1.015799
13	16	60	44	1.362888
13	17	53	33	1.603107
13	18	47	44	1.063606
13	19	53	33	1.605668
13	20	45	28	1.598289
13	21	33	23	1.448524
14	0	23	13	1.797145
14	1	31	26	1.193708
14	2	26	31	0.862916
14	3	23	23	1.012653
14	4	30	31	0.980983
14	5	32	27	1.161633
14	6	36	30	1.216821
14	7	45	27	1.662342
14	8	43	28	1.518617
14	9	41	23	1.746785
14	10	48	40	1.208729
14	11	48	38	1.274944
14	12	37	30	1.224892
14	13	45	25	1.762369
14	14	56	51	1.112886
14	15	52	35	1.488537
14	16	66	48	1.381946
14	17	83	47	1.779696
14	18	78	38	2.050158
14	19	50	49	1.020018
14	20	19	32	0.594701
14	21	34	18	1.868213
15	0	20	16	1.191324
15	1	16	14	1.140200
15	2	29	17	1.667234
15	3	30	20	1.444331
15	4	23	16	1.424690
15	5	47	14	3.203394
15	6	56	35	1.617426
15	7	63	29	2.133751
15	8	46	36	1.283976
15	9	53	38	1.376213
15	10	56	31	1.812739
15	11	53	40	1.323014
15	12	28	39	0.738673
15	13	62	45	1.362692
15	14	56	26	2.165663
15	15	47	32	1.475123
15	16	57	54	1.054468
15	17	75	53	1.403806
15	18	56	37	1.535144
15	19	58	29	1.990076
15	20	35	20	1.713759
15	21	54	26	2.069100
16	0	29	16	1.728122
16	1	31	22	1.382070
16	2	22	17	1.293143
16	3	38	29	1.307298
16	4	30	29	1.028871
16	5	31	33	0.939956
16	6	38	34	1.116460
16	7	48	32	1.476857
16	8	49	31	1.570123
16	9	66	32	2.035600
16	10	51	43	1.188077
16	11	82	38	2.167430
16	12	57	23	2.479951
16	13	45	47	0.955165
16	14	41	32	1.276575
16	15	67	50	1.330751
16	16	70	28	2.453095
16	17	67	25	2.630415
16	18	61	44	1.384032
16	19	41	20	1.997088
16	20	41	29	1.416512
16	21	33	39	0.838987
17	0	31	21	1.452388
17	1	32	27	1.187732
17	2	31	23	1.334062
17	3	43	15	2.814324
17	4	33	17	1.911619
17	5	49	35	1.370934
17	6	39	25	1.568462
17	7	51	32	1.589186
17	8	40	19	2.114298
17	9	54	34	1.582684
17	10	65	42	1.560483
17	11	42	47	0.886049
17	12	63	45	1.403621
17	13	51	39	1.316949
17	14	65	29	2.211947
17	15	46	33	1.412741
17	16	63	34	1.827393
17	17	56	54	1.032399
17	18	50	26	1.926923
17	19	56	45	1.242341
17	20	47	25	1.880077
17	21	47	31	1.483186
18	0	26	20	1.269187
18	1	26	17	1.518232
18	2	30	31	0.984419
18	3	41	28	1.480628
18	4	25	26	0.961398
18	5	34	41	0.835994
18	6	47	31	1.519301
18	7	43	26	1.677548
18	8	58	36	1.592661
18	9	49	28	1.761947
18	10	60	20	3.035155
18	11	63	33	1.873903
18	12	65	45	1.463056
18	13	63	32	1.980665
18	14	62	37	1.664820
18	15	57	39	1.470619
18	16	61	33	1.832103
18	17	49	32	1.536160
18	18	74	49	1.521076
18	19	54	38	1.431326
18	20	66	21	3.077316
18	21	41	26	1.591329
19	0	25	26	0.985083
19	1	33	29	1.139355
19	2	21	20	1.011674
19	3	40	24	1.606003
19	4	33	27	1.210168
19	5	29	22	1.315222
19	6	37	26	1.398952
19	7	27	38	0.697021
19	8	38	33	1.132192
19	9	45	30	1.486487
19	10	55	39	1.417706
19	11	41	34	1.209074
19	12	57	32	1.752430
19	13	37	33	1.125901
19	14	56	35	1.625502
19	15	35	28	1.234930
19	16	37	17	2.165499
19	17	60	25	2.425001
19	18	54	37	1.436344
19	19	50	34	1.452351
19	20	40	28	1.447791
19	21	32	26	1.229424
20	0	24	18	1.286372
20	1	20	31	0.655651
20	2	20	26	0.766294
20	3	23	20	1.143873
20	4	32	30	1.073117
20	5	46	22	2.115756
20	6	38	29	1.277072
20	7	39	21	1.841758
20	8	45	38	1.183641
20	9	41	32	1.273951
20	10	59	38	1.557661
20	11	60	38	1.580123
20	12	57	37	1.533133
20	13	42	40	1.034490
20	14	51	28	1.825164
20	15	50	42	1.205133
20	16	51	44	1.151185
20	17	31	30	1.050333
20	18	69	39	1.748311
20	19	46	22	2.055586
20	20	44	31	1.407684
20	21	46	33	1.371395
21	0	34	31	1.090229
21	1	31	21	1.464181
21	2	37	18	2.029184
21	3	26	26	0.985324
21	4	28	23	1.185892
21	5	24	20	1.225443
21	6	31	21	1.505077
21	7	32	34	0.944033
21	8	38	21	1.822212
21	9	44	18	2.479563
21	10	39	22	1.727032
21	11	32	34	0.953186
21	12	32	32	1.001957
21	13	43	24	1.781515
21	14	44	30	1.453986
21	15	45	34	1.309793
21	16	50	26	1.874051
21	17	57	21	2.715993
21	18	55	20	2.726638
21	19	49	31	1.571179
21	20	39	28	1.394887
21	21	48	32	1.478308
22	0	22	15	1.453847
22	1	30	15	1.978707
22	2	44	31	1.391759
22	3	31	17	1.743894
22	4	38	11	3.343315
22	5	15	23	0.669389
22	6	29	23	1.221232
22	7	30	17	1.754579
22	8	25	14	1.776233
22	9	25	39	0.659270
22	10	44	44	0.995241
22	11	54	30	1.822936
22	12	47	34	1.386143
22	13	45	35	1.284895
22	14	60	34	1.743088
22	15	44	39	1.125546
22	16	43	23	1.892131
22	17	57	40	1.411171
22	18	56	39	1.453870
22	19	45	26	1.678284
22	20	50	19	2.520801
22	21	35	20	1.678128
23	0	36	24	1.502966
23	1	31	18	1.715779
23	2	40	15	2.585765
23	3	32	33	0.951009
23	4	28	17	1.660890
23	5	34	32	1.063168
23	6	36	30	1.197400
23	7	37	31	1.167799
23	8	26	18	1.431696
23	9	50	17	2.860059
23	10	30	24	1.220704
23	11	33	28	1.184638
23	12	27	39	0.683424
23	13	40	24	1.621078
23	14	56	32	1.745071
23	15	38	21	1.829212
23	16	61	26	2.290359
23	17	57	23	2.430646
23	18	47	28	1.682388
23	19	41	35	1.187564
23	20	39	12	3.260985
23	21	30	27	1.119732
24	0	31	27	1.158590
24	1	31	24	1.275494
24	2	35	40	0.870577
24	3	39	20	1.943315
24	4	37	29	1.293516
24	5	46	32	1.400909
24	6	35	26	1.307185
24	7	27	18	1.498177
24	8	40	22	1.775448
24	9	45	19	2.275526
24	10	34	21	1.600735
24	11	38	28	1.354878
24	12	34	20	1.657012
24	13	53	36	1.493223
24	14	64	28	2.262883
24	15	47	42	1.124286
24	16	50	30	1.664813
24	17	35	24	1.455351
24	18	52	27	1.928429
24	19	57	27	2.115026
24	20	35	26	1.336792
24	21	30	20	1.507269
25	0	25	17	1.459853
25	1	44	19	2.295465
25	2	31	16	1.851460
25	3	31	31	0.992171
25	4	37	26	1.397699
25	5	21	17	1.211480
25	6	32	28	1.121783
25	7	41	25	1.613140
25	8	34	37	0.940906
25	9	25	16	1.557530
25	10	31	18	1.739191
25	11	27	21	1.287137
25	12	36	36	1.016570
25	13	32	11	2.957527
25	14	39	28	1.356540
25	15	33	29	1.127217
25	16	21	31	0.681505
25	17	39	11	3.296498
25	18	39	17	2.295091
25	19	31	35	0.888253
25	20	24	21	1.134742
25	21	32	21	1.515483
